,0
2020,0.9999645
2019,0.9999423
59,0.9999374
2030,0.99992204
2022,0.99991703
61,0.99991333
2021,0.99990726
62,0.99990284
2027,0.99990284
2032,0.99990284
2025,0.9999014
66,0.9998952
2026,0.9998952
80,0.999856
65,0.999856
2024,0.99983764
2029,0.99983764
79,0.99983764
64,0.99983764
82,0.9998147
1671,0.9998129
67,0.99980956
2031,0.99979514
81,0.99979514
1616,0.9997377
74,0.9995913
1950,0.99948275
55,0.99932325
2033,0.99922824
77,0.9991673
2028,0.9991155
63,0.9991155
78,0.9991155
2017,0.9990669
72,0.9990102
1619,0.9990081
1670,0.9989436
60,0.99890494
2023,0.99890316
1701,0.9988489
1674,0.99874324
1672,0.998692
75,0.9986688
1617,0.9985846
73,0.99848324
2016,0.99846303
76,0.99845815
1618,0.9983631
1951,0.9983437
54,0.99831784
70,0.9982975
1974,0.99815
1943,0.99794227
1636,0.9976921
57,0.99759334
1673,0.9975828
1726,0.9971891
1975,0.9971559
385,0.99703985
11,0.9970009
1961,0.996729
1972,0.99648994
69,0.9961054
790,0.996101
1727,0.99607605
1637,0.9958326
455,0.995672
1731,0.99556184
68,0.995544
71,0.99545246
196,0.99533856
197,0.99533856
40,0.99505144
1952,0.99494755
207,0.9948367
1970,0.9947219
724,0.9946286
1971,0.9945281
39,0.9944391
723,0.9944021
1888,0.99439996
1889,0.9943727
1725,0.9943169
287,0.9939569
8,0.99368757
789,0.99367344
1724,0.99322045
1973,0.9931502
1669,0.993008
806,0.9929363
788,0.9926604
163,0.99254334
206,0.99246347
159,0.9923505
175,0.9923505
295,0.9921199
155,0.9920781
58,0.9917704
1650,0.99167424
187,0.9909863
404,0.9909513
1038,0.9909266
2005,0.99080944
208,0.99064505
179,0.9906115
171,0.9902748
85,0.9902019
392,0.9900997
604,0.99009305
747,0.9896632
396,0.9895739
417,0.98933864
312,0.98920536
1607,0.98903626
1963,0.9882569
1884,0.9878956
7,0.98706365
475,0.98681575
805,0.98576677
1081,0.9856857
1080,0.9856857
183,0.9853694
748,0.9843711
1804,0.98432946
2010,0.9807451
41,0.9801971
310,0.97974646
1668,0.97933173
1949,0.9788912
1569,0.97840106
807,0.9745009
746,0.97325337
1033,0.9715793
1097,0.97141063
1700,0.97060287
1582,0.9693886
2009,0.9686919
203,0.967822
1654,0.96562564
4,0.9643528
734,0.96123064
1032,0.9609462
678,0.95855004
1115,0.956121
1655,0.9549649
545,0.95424867
795,0.95205575
1756,0.94660336
1667,0.9441257
345,0.9411256
1247,0.9398669
56,0.93929714
1682,0.9324865
83,0.91565907
6,0.91334856
1690,0.9131359
742,0.9097626
1095,0.9084484
1621,0.90582687
1562,0.9039302
2018,0.89848626
28,0.8968045
1825,0.89566994
1377,0.8952873
2015,0.8923732
1622,0.8885218
50,0.88687825
1676,0.88474435
53,0.8732215
5,0.84353006
1561,0.8360321
2014,0.82858896
1679,0.82826483
3,0.82675636
1,0.8126071
749,0.80151516
52,0.7950419
29,0.7868569
1280,0.75749373
1913,0.75387037
1566,0.75374925
725,0.7529302
10,0.7508433
367,0.74474585
1666,0.73781365
559,0.7364127
1680,0.7286064
1681,0.7232059
109,0.7206187
1473,0.71804094
808,0.7175536
1463,0.7059519
1615,0.70061946
1096,0.69242185
1453,0.68731076
410,0.68088406
727,0.67467964
1698,0.6720353
1620,0.66988164
1717,0.6684949
750,0.6644835
1625,0.65732855
27,0.6572739
1574,0.64831203
1094,0.62935674
411,0.6115334
726,0.60754526
9,0.58648396
124,0.5730159
123,0.56838423
1675,0.5188447
642,0.50139296
1699,0.5003147
1623,0.49928385
1085,0.49104178
560,0.48480555
1657,0.4776104
1677,0.461577
1627,0.45698994
1665,0.44850713
1984,0.44410956
722,0.43925908
321,0.4376557
1564,0.4306465
1686,0.4297418
1543,0.42438227
378,0.41335875
423,0.40688658
1626,0.40574512
452,0.40322673
422,0.39740586
1563,0.3887124
43,0.3863911
1624,0.38403052
401,0.38213426
1630,0.38169295
791,0.3775143
1567,0.36827293
1712,0.36128813
751,0.35118526
84,0.34404904
49,0.34149203
276,0.3346292
31,0.3220628
42,0.32102242
48,0.31125388
1960,0.31043378
1762,0.3020686
1039,0.29089376
377,0.29070398
1159,0.28955075
1689,0.28865245
274,0.273016
271,0.2708022
1573,0.2704019
33,0.267748
101,0.2604594
1691,0.2597615
1087,0.25855935
814,0.25597543
14,0.25200763
16,0.24861924
47,0.24675564
1565,0.24586843
1652,0.24510096
453,0.24460131
1084,0.2423886
1635,0.23923847
1965,0.2359496
0,0.23577663
227,0.23082574
278,0.23024575
752,0.22895342
2,0.22579905
1678,0.22536354
517,0.22485319
272,0.22423136
1720,0.21869726
1685,0.21858051
34,0.21379322
102,0.20961232
1938,0.20715652
1594,0.20573398
15,0.20434034
415,0.20021775
810,0.1932459
451,0.19224182
733,0.1918577
1903,0.18753861
2011,0.18699212
375,0.18553935
1959,0.1854553
1117,0.18449071
1116,0.18449071
1978,0.17733772
1610,0.177171
1614,0.17562465
1874,0.17535964
1937,0.17347145
557,0.17095405
1662,0.17044865
412,0.17032598
1692,0.16863169
30,0.16833128
273,0.16691805
19,0.16226545
1966,0.16170289
1568,0.15954307
732,0.1566106
128,0.15092064
561,0.15063371
809,0.14936554
1942,0.1482686
459,0.14735697
1086,0.14449441
25,0.14352757
516,0.14308703
1593,0.14308107
454,0.14255339
99,0.1424201
1658,0.14214976
1764,0.14013627
1609,0.13896337
376,0.13638937
297,0.13601628
1991,0.13376155
1659,0.13224095
413,0.13158862
1986,0.12842597
1644,0.12791729
408,0.12679063
1969,0.12514985
13,0.1248869
1684,0.12310204
598,0.120655455
1695,0.11938618
792,0.118615314
762,0.11554231
91,0.11502624
275,0.114207916
1602,0.11384116
1979,0.112287916
1592,0.11103074
510,0.11095953
320,0.10906369
20,0.108478054
22,0.10755961
1805,0.106357
563,0.10610702
1873,0.10569352
813,0.10529341
131,0.10508628
1705,0.10444441
270,0.10443606
460,0.10395942
32,0.10377311
21,0.10350781
141,0.1033368
148,0.10195601
120,0.10195601
298,0.101278245
439,0.099455185
26,0.099055946
1983,0.09885444
741,0.09860293
1934,0.097925685
2012,0.09759635
1638,0.09648534
386,0.09566089
605,0.09545097
1664,0.09512582
154,0.09461964
728,0.09427871
365,0.093679726
90,0.093432955
209,0.093268976
1997,0.092526
680,0.09237177
100,0.09223923
1596,0.09199736
104,0.09104883
379,0.09087628
409,0.09071139
133,0.09049894
761,0.09040814
114,0.09022556
390,0.08998344
679,0.08922273
1953,0.088040836
211,0.08762529
1948,0.08752581
1933,0.087036066
1714,0.086831704
1946,0.086509295
1577,0.085751005
1595,0.08571404
420,0.08531752
811,0.08514116
1599,0.084819056
1715,0.08471231
284,0.08415267
1901,0.08383652
458,0.08327161
1381,0.08292026
38,0.08254885
1640,0.08244779
1457,0.08204274
1252,0.08178071
329,0.08136043
1996,0.08069948
193,0.080639355
364,0.080558464
863,0.08053412
1554,0.08033916
380,0.08020822
150,0.079444125
1709,0.07765839
753,0.07756894
755,0.07756894
1763,0.07714602
1730,0.07710674
398,0.075678594
12,0.07565117
406,0.075287886
608,0.07497021
122,0.07419893
1663,0.0737976
1160,0.073520295
1119,0.0735111
1578,0.0730438
397,0.072935745
139,0.07234492
1497,0.07224914
86,0.07204794
1761,0.07174764
421,0.07147118
681,0.07088402
1576,0.07069565
1729,0.07033434
225,0.07021489
1962,0.069785655
1719,0.069319844
1954,0.069319844
518,0.06925819
190,0.069086365
168,0.06907269
299,0.068900354
665,0.06842432
1601,0.06819047
136,0.06787118
1927,0.067810155
210,0.0675938
1515,0.06743075
1588,0.06732764
2008,0.06639548
1704,0.06584255
145,0.06575782
745,0.06503234
1760,0.0649739
1246,0.06490351
363,0.0638241
856,0.06360733
496,0.06358028
89,0.0634794
1571,0.06320849
1696,0.06320849
1584,0.06320849
520,0.06305309
1683,0.06304224
1941,0.06277797
17,0.062456258
707,0.062172778
1964,0.061918795
1656,0.061421316
283,0.061400075
1465,0.06138566
1464,0.06138566
474,0.06020768
2000,0.060140062
388,0.060124014
1732,0.060009155
1693,0.059893057
387,0.05974791
371,0.059443057
1088,0.05933869
151,0.059066452
1792,0.05900156
279,0.058919013
607,0.058698386
1281,0.05859779
1631,0.058587775
395,0.05833057
393,0.058102883
1651,0.057850957
51,0.057246305
45,0.057225004
1098,0.057029378
1005,0.0569712
1781,0.05666532
285,0.056648973
93,0.05622783
201,0.0561456
1702,0.055854578
503,0.055851195
730,0.05561951
1256,0.05544656
394,0.055034738
497,0.05500914
487,0.054999314
2002,0.054903448
1914,0.054853287
1967,0.05463542
595,0.05451413
226,0.054511804
1639,0.054504097
1688,0.05414761
1982,0.053932037
359,0.053756576
1007,0.053718958
384,0.053695098
1766,0.05330695
1249,0.053023886
277,0.052897777
1022,0.052529827
1474,0.05242492
1718,0.052366845
772,0.052234903
1547,0.05218985
442,0.051861923
1939,0.051842187
1989,0.051823124
121,0.051724926
425,0.05153914
167,0.051527582
391,0.051456783
1791,0.05119491
1687,0.05097991
1467,0.050743837
23,0.050676327
1634,0.050357558
820,0.050317064
1653,0.049915697
424,0.049882717
1475,0.04934127
1419,0.049245648
1999,0.04918581
882,0.04905872
787,0.048901483
199,0.048855495
1931,0.048455313
786,0.048423048
1560,0.04796506
125,0.047722954
774,0.047622323
865,0.047262747
794,0.04713944
812,0.047079686
1043,0.047000702
1793,0.046522774
1178,0.046288986
103,0.045995463
849,0.04583585
556,0.04583585
224,0.04556176
477,0.04556176
1549,0.045521196
189,0.045475535
407,0.04544817
462,0.04530503
1977,0.045304563
1875,0.045225225
1876,0.045225225
847,0.04508219
213,0.045029454
282,0.04487622
1887,0.04479967
418,0.0447874
1940,0.044768013
269,0.044522267
534,0.04442775
185,0.04366203
596,0.04348642
1591,0.043436117
36,0.043407172
480,0.043323614
1105,0.043247905
1929,0.043155063
1694,0.043126285
18,0.042728487
735,0.04265427
1037,0.04249962
1248,0.042475928
1765,0.042360593
130,0.042226505
1552,0.042226505
781,0.042139124
1182,0.04174874
1799,0.04166358
609,0.04155852
611,0.04155852
88,0.041156672
1082,0.04097497
1955,0.040902816
24,0.040891368
419,0.040616576
135,0.040601935
1870,0.04054599
223,0.040207174
1785,0.040193588
1586,0.040187977
760,0.040158696
473,0.04008562
116,0.040043585
1886,0.03942436
1608,0.039373964
758,0.039167766
342,0.03905814
784,0.038970176
1556,0.038902007
192,0.038797695
757,0.038733196
740,0.038618173
1613,0.03857323
612,0.038333848
594,0.038330592
1821,0.038273677
1585,0.03817811
1758,0.03814516
429,0.038013726
427,0.03785143
1992,0.03774444
181,0.037706148
616,0.037609152
165,0.037536655
443,0.037508816
536,0.037268255
286,0.037266567
428,0.036706585
1932,0.03661762
222,0.03655331
288,0.036532734
1998,0.03607009
515,0.036010377
1661,0.035957314
505,0.0358623
221,0.03579288
142,0.0356724
374,0.035548314
498,0.035548314
1375,0.03548173
323,0.035334233
373,0.035318203
346,0.035059836
400,0.035032697
301,0.035015374
1916,0.034928177
194,0.034903277
328,0.034897223
457,0.034872726
501,0.03455783
1544,0.034391437
1373,0.034333047
1641,0.034306087
383,0.03422923
1352,0.034178175
619,0.034112357
37,0.034106907
499,0.034030955
1629,0.033927873
597,0.033867136
783,0.03382458
1734,0.03380816
147,0.033796284
521,0.03378413
186,0.033774346
603,0.033637855
682,0.033425108
1803,0.033334535
754,0.03317786
1710,0.033100046
237,0.033094805
817,0.033093896
433,0.032920364
759,0.03290344
293,0.032900847
1783,0.03286253
381,0.032734074
2007,0.032733567
291,0.03272426
775,0.032544073
558,0.03250363
1004,0.032310143
319,0.032293264
1008,0.032222833
405,0.03217944
500,0.03207702
1757,0.03200962
1284,0.03188155
1995,0.031872597
1994,0.031872597
1716,0.031841543
901,0.031736013
898,0.031736013
331,0.03149066
166,0.03140823
663,0.031366598
2013,0.031111676
1090,0.031104958
593,0.03096972
620,0.030947583
1713,0.030760247
606,0.03062
646,0.030413982
87,0.030295536
1968,0.030266192
1575,0.030227527
617,0.030147001
1642,0.029959701
440,0.029930923
668,0.029780133
296,0.029753191
2001,0.029751023
1499,0.029730286
300,0.029507402
294,0.02948698
2006,0.029364763
1703,0.029337471
1454,0.029289167
1958,0.029273426
115,0.029102335
118,0.029102335
476,0.029080227
1993,0.029032154
437,0.02900002
1632,0.02891959
1935,0.028901245
1866,0.028867317
220,0.02886093
1603,0.028811647
502,0.028811047
1471,0.028722527
117,0.028698323
236,0.02868794
1767,0.028601969
1250,0.028590346
506,0.028484
613,0.028480178
650,0.028386021
1019,0.02835736
1493,0.028349452
292,0.028340887
372,0.028161503
1980,0.028075915
507,0.028019434
756,0.027940895
302,0.027927682
575,0.027538052
587,0.027538052
579,0.027538052
205,0.02748486
1212,0.027447961
1733,0.02726819
195,0.027139962
504,0.027044926
35,0.026762586
444,0.026754696
228,0.026703842
495,0.02663693
1040,0.026626177
614,0.026623921
138,0.026600799
610,0.026570832
509,0.02653095
1957,0.026474645
1819,0.026455954
324,0.02625922
1092,0.026243515
1557,0.02619337
796,0.026179362
706,0.02616499
1784,0.026069172
1581,0.026046528
1976,0.026044913
1936,0.02588884
1535,0.025858494
1292,0.025858494
1180,0.025795784
456,0.02578602
1102,0.025738597
1928,0.025725793
1706,0.025640795
1065,0.025597848
416,0.02559302
508,0.025493262
1288,0.025478482
348,0.02538193
670,0.025362983
785,0.025338883
1845,0.025310477
1411,0.02528536
1459,0.02528536
1527,0.02528536
1907,0.02528536
2004,0.025216233
1216,0.024955785
340,0.024872428
403,0.02482727
1769,0.024775967
1924,0.024770899
389,0.02473577
1808,0.024663698
1628,0.024497356
239,0.02438731
769,0.024385914
717,0.024321323
1900,0.024295831
1645,0.02427381
615,0.024136525
180,0.024128806
164,0.024128806
648,0.024103645
926,0.024081424
110,0.024065113
659,0.02400773
1031,0.023965186
1517,0.023867173
1479,0.023867173
766,0.023839012
644,0.023835849
361,0.023812074
467,0.023802986
448,0.023744056
106,0.023744056
835,0.023711117
840,0.023711117
826,0.023711117
829,0.023711117
546,0.023710689
1869,0.023672462
661,0.023634354
1606,0.023558296
1814,0.023555638
198,0.023545923
1013,0.023510274
1214,0.023473378
939,0.023339707
936,0.023339707
1103,0.023338696
362,0.0233092
322,0.023213057
202,0.023169339
1944,0.023124574
1849,0.023118218
241,0.023026168
281,0.022961067
360,0.02286544
1058,0.022854945
169,0.022839928
382,0.022761732
266,0.022743942
773,0.022702634
1529,0.022660697
823,0.022593075
434,0.022584753
621,0.022571016
985,0.022412153
430,0.022401227
449,0.022319172
719,0.022277303
945,0.022238778
904,0.022238778
583,0.022238778
951,0.022238778
895,0.022238778
639,0.022238778
948,0.022238778
46,0.022212282
325,0.022080291
341,0.022035953
92,0.02195562
1091,0.02193382
729,0.021916565
1947,0.02189686
219,0.02189266
1649,0.021892415
144,0.021889519
1550,0.021849703
592,0.02180357
1708,0.021787617
1553,0.021782493
1789,0.021639604
1728,0.021627236
1786,0.021555861
969,0.021542573
770,0.021513892
482,0.021511925
1469,0.021476582
527,0.021424266
618,0.021382794
160,0.021382414
600,0.021167984
441,0.02104522
1743,0.020963507
472,0.020938609
554,0.020930102
290,0.020703545
1612,0.020659104
1455,0.020358276
481,0.020350046
402,0.02030632
1010,0.020290844
1787,0.020270608
1326,0.02026763
357,0.02025963
1067,0.020220058
622,0.0201354
1987,0.020036539
1099,0.019890333
493,0.01983773
640,0.019629555
1816,0.019625606
1881,0.019346122
105,0.0193151
127,0.019177375
1192,0.019140445
1260,0.019078134
1531,0.019078134
494,0.01906321
176,0.019012278
204,0.019000404
1600,0.018919948
305,0.018891256
327,0.01888648
1858,0.018732922
432,0.01871351
879,0.018666983
768,0.018636303
623,0.018462684
1572,0.018382149
1880,0.018325327
523,0.018275958
731,0.018220516
1443,0.018194942
1750,0.018194942
793,0.018194377
1841,0.018182417
624,0.018074917
1589,0.018045722
268,0.018034361
231,0.018030409
156,0.017983187
184,0.017964022
1083,0.017929439
200,0.017906424
1012,0.0178162
2003,0.017673116
461,0.017584544
212,0.017584544
129,0.017502062
44,0.01744314
1445,0.017438905
1868,0.01734343
1014,0.017246576
861,0.017158799
347,0.017153235
743,0.017037233
599,0.016982157
942,0.016973881
601,0.016911274
1723,0.016865697
1011,0.016860668
107,0.016827084
721,0.016823344
486,0.016802354
1104,0.016751206
1559,0.016741006
666,0.016725669
1407,0.016712427
744,0.01670565
1697,0.01663025
1660,0.01663025
426,0.016561842
1413,0.016560514
1570,0.016467774
172,0.016422315
1985,0.01635017
304,0.016200112
651,0.015995655
1057,0.015962334
1788,0.015947467
854,0.015865697
438,0.015834315
358,0.01580876
1079,0.015807698
1806,0.015801312
1646,0.015790489
356,0.015732909
765,0.015634473
832,0.015603059
684,0.015574337
478,0.015531263
134,0.01551194
1431,0.015489621
1740,0.0154531235
326,0.015451607
1477,0.015435034
1782,0.015333877
591,0.015202271
308,0.015160167
355,0.015142494
1810,0.0151104685
1234,0.0151104685
111,0.01510273
800,0.015048395
889,0.015048395
1054,0.015048395
892,0.015048395
997,0.015048395
1883,0.014964865
314,0.014941189
1882,0.014897061
921,0.014881512
589,0.014881512
585,0.014881512
581,0.014881512
1006,0.01485355
933,0.014846721
1017,0.014840395
315,0.014730322
1009,0.014635386
336,0.014503211
512,0.0144967325
354,0.014492529
445,0.014467175
625,0.0143907
471,0.0143809905
218,0.014316808
1722,0.014298437
370,0.014290926
1990,0.01426903
664,0.014259382
468,0.014202444
1862,0.01419753
344,0.0141818095
1503,0.01416765
1768,0.014138284
1078,0.014124266
1093,0.014106277
1981,0.014085197
1362,0.013644585
649,0.013635513
1707,0.013499521
720,0.01346896
1495,0.013437948
1409,0.013437948
351,0.013415084
1885,0.013311281
1224,0.013136538
915,0.013129406
855,0.013127812
737,0.013126033
1921,0.013064075
96,0.013018897
466,0.0130046895
1738,0.012996197
738,0.012865237
1511,0.012752403
1417,0.012742507
149,0.012741446
1945,0.01274088
492,0.012738925
112,0.012738925
1925,0.012730851
152,0.012718067
1425,0.012704609
161,0.012617789
778,0.012612693
108,0.012605225
645,0.012547485
837,0.0125469705
991,0.012542493
935,0.012451512
1579,0.0124482
255,0.012445205
352,0.012440698
350,0.012440698
918,0.012411873
1551,0.012385459
1830,0.012374684
289,0.012355933
1633,0.012351459
174,0.012348475
158,0.012348475
954,0.012342126
870,0.012342126
216,0.012326164
804,0.01229265
1548,0.012280885
119,0.012272668
132,0.012272668
876,0.0122495
710,0.012136012
694,0.012127229
1076,0.012097159
1077,0.012087352
886,0.012086634
853,0.012040704
470,0.0120314155
170,0.01203026
215,0.011999892
1114,0.011980527
867,0.011977688
267,0.011967079
677,0.011945072
705,0.011882264
736,0.011874049
1368,0.011812515
912,0.011723367
1029,0.011723367
767,0.011644742
113,0.011627606
859,0.0116173895
700,0.01157822
1752,0.011552213
514,0.011551467
1294,0.011550357
188,0.011545572
330,0.011543226
1802,0.011493301
303,0.011480864
1879,0.011480864
1643,0.011475859
718,0.011386636
779,0.011369665
1021,0.011333036
1258,0.011280046
1794,0.011251821
238,0.01123185
1003,0.011213134
177,0.011208044
1378,0.011171455
539,0.011141602
1051,0.011103384
966,0.011064054
1002,0.011064054
803,0.011064054
980,0.011064054
1796,0.011034756
162,0.011030234
1580,0.011020029
1872,0.01101754
988,0.011012947
1186,0.01099704
313,0.0109338565
934,0.010885505
491,0.010864348
140,0.010831611
702,0.010823114
562,0.010797608
1496,0.01075901
339,0.0107207345
647,0.010717069
280,0.010708033
182,0.010707756
1930,0.0107048005
447,0.010678538
662,0.010674413
143,0.010655939
318,0.010640989
1168,0.01063883
1798,0.010518108
1605,0.010483184
1790,0.010374749
1101,0.010358464
431,0.010312582
525,0.01028852
1759,0.01028534
1795,0.010269252
1044,0.010251955
928,0.010233609
1829,0.010224147
1893,0.010210351
343,0.010179877
703,0.01013786
1878,0.01013786
656,0.010116033
1514,0.010091639
178,0.010066666
1035,0.010063986
137,0.010061017
146,0.010061017
465,0.010029016
217,0.010029016
764,0.009968928
1839,0.00995178
1328,0.009841972
1296,0.009841972
857,0.00982504
1865,0.0098213665
414,0.009817472
126,0.00975184
511,0.009730267
1897,0.009720321
1902,0.009705364
153,0.009688267
173,0.009670737
307,0.009669413
1905,0.009569934
353,0.009539911
658,0.009537726
797,0.009527794
1744,0.009525162
1015,0.009512853
704,0.009489518
1647,0.009482573
815,0.00939951
98,0.009380131
542,0.009363703
1089,0.009350001
1890,0.009333387
1587,0.0093267
311,0.00931924
94,0.00929605
1812,0.009231076
157,0.009227108
1155,0.0091690635
254,0.009159425
1190,0.009128346
1073,0.009107154
333,0.009093932
693,0.009014872
716,0.009012615
1286,0.008958862
1123,0.008958862
922,0.00889083
1854,0.00889083
1800,0.008882783
1855,0.008865609
1232,0.008854403
1322,0.0087927915
992,0.008790548
1157,0.008751389
1777,0.008739607
1254,0.008739607
1558,0.008640219
1871,0.008553962
643,0.008534226
245,0.008530353
1176,0.008530353
1153,0.008439081
469,0.008412027
1050,0.008313518
1041,0.008302992
1922,0.008236589
638,0.0082319
698,0.008219923
1300,0.0082004815
1555,0.00815154
309,0.008071671
852,0.008024138
366,0.008018469
1860,0.007960455
699,0.007861459
660,0.0078377025
1590,0.0077919746
1278,0.0077799764
1055,0.007721471
513,0.007671608
696,0.00766466
349,0.0076602725
1062,0.007566534
626,0.0075544594
334,0.007530348
1379,0.0074749854
1648,0.007458402
708,0.007408026
669,0.007400159
463,0.0073716366
214,0.0073716366
335,0.0072989906
819,0.007287394
316,0.0071870578
654,0.0071587106
924,0.0071286475
884,0.0071286475
1801,0.0070786634
485,0.007062859
1598,0.0070509403
368,0.007023681
1466,0.006992903
691,0.006970027
763,0.0069671334
547,0.0069508287
1919,0.006891429
229,0.006889883
479,0.006861256
1125,0.0068022558
489,0.0066370214
906,0.0066237175
1066,0.00662086
1036,0.00662086
1026,0.006611283
1867,0.006600981
825,0.006593334
628,0.0065801516
548,0.0064233807
1061,0.006409725
1857,0.0063729812
1545,0.0063667945
582,0.0063418057
578,0.0063418057
586,0.0063418057
574,0.0063418057
1472,0.006339135
1255,0.006339135
1217,0.006339135
253,0.006252392
1314,0.006252392
249,0.006252392
243,0.006252392
883,0.006246585
1194,0.0062151956
1290,0.0061881556
1820,0.006162149
634,0.006161127
1297,0.00611443
713,0.0060734507
1049,0.006044811
701,0.0060091615
1100,0.00600819
1324,0.0059409873
931,0.0058801123
1020,0.0058801123
822,0.0058756014
842,0.0058756014
1416,0.0058433586
531,0.0058370545
1848,0.005804953
897,0.0057590557
1068,0.0057585943
1034,0.0057478314
899,0.0057390314
873,0.0057390314
949,0.0057390314
896,0.0057390314
893,0.0057390314
881,0.0057390314
871,0.0057390314
937,0.0057390314
940,0.0057390314
902,0.0057390314
943,0.0057390314
946,0.0057390314
907,0.0057338746
264,0.005715692
1926,0.0056658178
1237,0.005662155
1366,0.0056414246
1863,0.005586221
850,0.005586221
1206,0.005583636
602,0.0055760215
1408,0.0055717346
1494,0.0055717346
1181,0.0055651967
1826,0.005556893
1063,0.005519357
1891,0.005516013
1780,0.0054459316
1604,0.0053967373
1583,0.0053967373
714,0.0053728
1276,0.0053286077
1113,0.0053286077
97,0.0053279707
399,0.0053183995
952,0.0052987775
878,0.0052987775
1023,0.0052987775
1045,0.0052987775
1046,0.0052987775
251,0.0052950243
950,0.0052912207
923,0.0052912207
1597,0.005286088
692,0.005272994
1895,0.005242227
1754,0.005242227
1282,0.005218469
526,0.0051994435
739,0.0051681404
1828,0.0051375534
1382,0.005127211
1251,0.00511989
653,0.0051106685
549,0.0051046764
1861,0.005096437
1489,0.0050297407
657,0.005013052
828,0.004998742
1162,0.00496759
846,0.0049639805
1367,0.004955878
1001,0.004950487
976,0.004950487
256,0.004944102
464,0.004878234
540,0.0048238123
337,0.0048170597
576,0.0047345757
1923,0.0046955324
1815,0.0046705613
490,0.004661369
483,0.0046293335
1107,0.0046291687
676,0.0046271854
1070,0.0046160943
834,0.0045923856
553,0.0045380094
844,0.0045380094
782,0.004523089
338,0.0045180805
1807,0.004511797
715,0.004496072
1518,0.0044742236
1742,0.004438843
1121,0.0044140136
999,0.0043950775
543,0.0043523116
1304,0.0043460657
862,0.0042972714
1906,0.004288876
1877,0.0042718556
247,0.0042410777
1778,0.004232578
1230,0.0042262482
1111,0.0042262482
317,0.0041856132
982,0.004183934
780,0.004158382
938,0.004150272
1143,0.0041401624
1151,0.0041401624
590,0.0041058073
544,0.004103757
831,0.004099639
798,0.0040936978
984,0.0040585683
588,0.0040273126
584,0.0040273126
1509,0.0040256144
908,0.0040221154
909,0.003999459
1166,0.003963985
1325,0.0039547384
1348,0.003954695
522,0.003943432
683,0.003943432
839,0.0039403634
1310,0.003926753
887,0.0038955847
1133,0.0038935964
1048,0.0038702863
1302,0.0038634976
306,0.0038601097
435,0.0038601097
993,0.003800703
637,0.0037915315
885,0.003747679
890,0.003747679
941,0.003747679
947,0.003747679
1056,0.0037415952
1748,0.0037370813
1909,0.0037370813
709,0.0037161948
1846,0.0036988878
1840,0.003698039
655,0.0036868702
641,0.0036555855
869,0.0036109334
1797,0.0036067597
580,0.0035831125
1836,0.0035689063
1838,0.0035689063
1834,0.0035689063
1832,0.0035689063
1817,0.0035648018
903,0.0035299838
880,0.0035299838
695,0.0035250245
1074,0.0035176824
919,0.0035176824
1773,0.0035004718
975,0.0035001491
864,0.0034786204
1363,0.0034714327
1470,0.0034674564
697,0.0034664413
1016,0.003436379
974,0.0034247101
932,0.0034070346
1755,0.003405589
1842,0.0034039
910,0.0033879103
436,0.0033838232
1028,0.0033475712
821,0.0033341232
930,0.0033177761
240,0.003311003
1456,0.0033001034
1822,0.0032909564
1137,0.0032695807
1274,0.003262597
955,0.0032472766
1025,0.0032472766
958,0.0032472766
894,0.0032426359
944,0.0032426359
771,0.003238573
1027,0.0032224045
1446,0.0032197607
1264,0.0031783688
818,0.0031773264
1856,0.0031711631
1372,0.0031636294
1390,0.0031570753
877,0.0031557637
1844,0.0031546615
872,0.0031404647
1075,0.0031404647
1850,0.0031220024
1837,0.0030938822
1831,0.0030938822
550,0.0030938822
845,0.0030938822
1833,0.0030938822
552,0.0030938822
1835,0.0030938822
967,0.00308862
989,0.00308862
995,0.00308862
916,0.00308862
996,0.00308862
978,0.00308862
961,0.00308862
964,0.00308862
689,0.0030838798
1291,0.0030490495
1460,0.0030430444
1241,0.0030252235
801,0.002994971
987,0.002994971
962,0.002994971
913,0.002994971
970,0.002994971
965,0.002994971
979,0.002994971
830,0.0029494492
851,0.0029494492
848,0.0029494492
824,0.0029494492
843,0.0029494492
841,0.0029494492
827,0.0029494492
535,0.0029381448
1211,0.002913365
1442,0.0029069919
776,0.0028953545
1183,0.0028930027
971,0.002878274
1827,0.0028454966
968,0.0028208753
555,0.0028106917
833,0.0028106917
1340,0.0028097136
1611,0.0028039466
1071,0.0027907342
972,0.0027905724
1501,0.0027834412
488,0.0027713096
875,0.0027677997
1218,0.0027565225
1148,0.0027560885
1536,0.0027493131
1000,0.0027260778
983,0.0027260778
905,0.0027183108
1468,0.0027158647
1177,0.0027066604
711,0.002705187
1059,0.0026934608
529,0.0026920892
541,0.002679441
927,0.002641139
1410,0.002640349
1233,0.0026398946
1383,0.0026395193
1898,0.0026297772
816,0.0026228474
1896,0.0026220006
802,0.0025911
551,0.002566475
1270,0.0025563305
1370,0.0025506637
1853,0.0025450843
1175,0.002514271
1498,0.002507713
1219,0.0025076105
652,0.002464437
914,0.0024319736
1371,0.0024199917
532,0.0024027948
1478,0.0023924
911,0.0023578552
799,0.0023532328
629,0.0023405722
1285,0.0023356949
1811,0.0023263267
234,0.0023224321
1047,0.0023210018
990,0.0023204333
998,0.0023204333
981,0.0023204333
1538,0.0023169387
1042,0.002310551
446,0.0023063899
258,0.002295269
866,0.0022841415
1369,0.0022763277
1030,0.0022693737
332,0.0022651379
1052,0.0022614757
1053,0.0022614757
524,0.0022523273
986,0.0022517294
1024,0.0022517294
959,0.0022517294
900,0.0022517294
953,0.0022517294
891,0.0022517294
888,0.0022517294
973,0.0022500237
1859,0.0022487426
874,0.0022478043
925,0.0022478043
1852,0.0022453216
1500,0.002237836
1532,0.002215422
1528,0.002215422
1215,0.002215422
1912,0.0022124609
1187,0.0021779237
1480,0.0021765842
627,0.0021587147
1231,0.0021306258
1225,0.0021306258
230,0.002129825
956,0.002120746
1779,0.0020906655
519,0.002063902
868,0.0020631677
1506,0.0020597775
191,0.0020423478
1259,0.0020339158
1736,0.0020097243
244,0.00200907
1917,0.0020016436
538,0.0020009894
1227,0.002000699
1343,0.0020004152
1337,0.0020004152
1305,0.0020004152
1122,0.0020004152
1167,0.0020004152
1128,0.0020004152
1520,0.001998475
1245,0.0019703582
1462,0.0019647942
1432,0.0019576428
1412,0.0019576428
1524,0.0019576428
836,0.0019485404
262,0.001945691
1140,0.0019373087
1209,0.0019373087
565,0.0019126284
1184,0.0019094198
994,0.0019090027
572,0.0019056629
1191,0.001904304
1510,0.0019033353
569,0.0018970709
1824,0.0018959173
917,0.0018864359
920,0.0018864359
1072,0.0018837157
1414,0.0018523267
667,0.0018497603
1737,0.001823047
1179,0.001821015
1711,0.0018180202
1161,0.00179806
1279,0.00179806
1444,0.0017901073
1347,0.0017626019
1426,0.0017553011
1771,0.0017403092
533,0.001724363
1505,0.0017134382
1069,0.0017076219
1516,0.0016981328
1351,0.0016868535
1490,0.0016757294
838,0.0016712586
1396,0.0016370604
577,0.0016348478
1349,0.001623083
1504,0.0016141159
1422,0.0016141159
1530,0.0016141159
1428,0.001575314
1275,0.0015716637
1956,0.0015591186
1289,0.0015577334
1287,0.0015260814
1776,0.0015202978
1920,0.0015147764
1205,0.0015142608
1385,0.0014884361
1376,0.001481728
1745,0.0014737556
1721,0.0014693352
1818,0.0014687022
95,0.0014683239
1415,0.0014568376
1481,0.0014568376
1149,0.0014547505
369,0.0014480912
1392,0.0014446753
1476,0.00143901
1239,0.0014384065
1894,0.0014315697
1484,0.001403558
1420,0.001403558
1365,0.0013922374
232,0.0013881755
252,0.0013881755
1813,0.0013699033
1357,0.0013692856
1394,0.0013677672
1915,0.0013635695
1461,0.0013622313
1323,0.0013607278
1512,0.0013472852
248,0.0013443572
242,0.0013443572
1904,0.001343108
1235,0.0013389718
685,0.0013387417
1313,0.0013385619
1851,0.0013241627
1064,0.0013070119
1430,0.001306134
1400,0.001306134
1542,0.0012834723
257,0.0012829119
1327,0.00127291
963,0.0012699444
1398,0.0012556609
1502,0.00125332
1434,0.00125332
1253,0.0012524393
566,0.0012500903
260,0.0012476749
1146,0.0012422961
1749,0.0012321697
1482,0.0012237319
1424,0.0012207266
1380,0.0012158598
1418,0.0012036075
1534,0.0011900715
1306,0.0011626635
1344,0.0011626635
1156,0.0011568718
1519,0.001141271
1301,0.0011409101
929,0.0011184323
1269,0.0010925011
712,0.0010894451
1540,0.0010871772
1353,0.0010859295
1448,0.0010679266
1273,0.0010397349
1899,0.0010382433
1436,0.0010223809
1391,0.0010203457
1355,0.0010194833
1823,0.0010127202
1303,0.0010127173
259,0.000989222
1261,0.0009862911
1526,0.0009848371
1295,0.0009799079
1488,0.00097480696
573,0.00097360316
1384,0.00097074104
1892,0.0009615862
1458,0.00095835485
1136,0.0009566106
1293,0.0009566106
1739,0.00094639783
1311,0.00093834975
960,0.0009321887
977,0.00092916534
1124,0.00092099694
1386,0.0009204272
1450,0.0009204272
1522,0.0009204272
1452,0.0009204272
1406,0.0009204272
1223,0.0009204272
1321,0.00091958913
1193,0.00091958913
1546,0.00090878364
671,0.000901378
1513,0.0008970214
1188,0.00089428155
235,0.00089428155
1129,0.00089428155
1346,0.00089428155
1988,0.000878704
1189,0.00087373634
1307,0.00087373634
1809,0.00087260525
1226,0.0008628194
1339,0.0008461427
1207,0.00082916365
1525,0.00082663284
672,0.00082560943
1118,0.0008201193
1220,0.00080985465
1393,0.00080985465
675,0.00080376724
1265,0.00080250605
1213,0.0007751624
1746,0.0007732785
957,0.00077053695
1374,0.00076585804
1910,0.0007627114
1440,0.0007627114
250,0.00076251774
246,0.00076251774
1329,0.0007610107
1108,0.00075576495
1299,0.00075249077
450,0.0007421018
1131,0.00074160413
1402,0.0007386207
1404,0.0007386207
686,0.0007315668
1236,0.00071049767
1154,0.0006948661
1221,0.00069233216
1263,0.000691024
1195,0.00067782955
1486,0.0006612662
1864,0.00065862655
1741,0.00064542773
1753,0.00064542773
570,0.00064542773
1171,0.0006351722
1112,0.00062425935
530,0.0006197979
1262,0.0006135362
1361,0.00060518476
1152,0.00059221673
631,0.0005735087
1144,0.0005735087
1277,0.00057149737
1747,0.0005486748
1298,0.00053395313
1315,0.0005274568
1309,0.000522127
1138,0.0005121559
1847,0.00049988134
1145,0.00048544747
1537,0.00047064718
1447,0.00047064718
1521,0.00047064718
1135,0.0004640418
571,0.0004640418
1843,0.00046237215
1492,0.0004620864
1330,0.0004585386
1060,0.00045530006
635,0.0004509028
1132,0.0004509028
1508,0.0004509028
1203,0.0004509028
1134,0.00042775454
1197,0.00042775454
1120,0.00042775454
1335,0.00042775454
1388,0.00042775454
687,0.00042775454
1201,0.00042775454
1333,0.00042775454
1165,0.00042775454
1331,0.00042775454
1158,0.00042775454
1199,0.00042775454
1317,0.00042775454
1257,0.00042623346
1142,0.00042623346
233,0.00042350104
1421,0.00042201902
1110,0.00041423968
673,0.00041423968
1319,0.00041423968
1908,0.00041423968
568,0.00041423968
1438,0.00041423968
528,0.00041423968
1173,0.00041423968
1229,0.00041423968
1772,0.00041423968
1427,0.00041288842
1449,0.00041288842
265,0.00041176306
1169,0.00041121079
1751,0.00041095744
860,0.00040972815
1174,0.00038845494
1204,0.00038845494
1399,0.0003883387
1389,0.0003831402
1242,0.00038108916
690,0.00037814985
1359,0.00037454095
564,0.00037435212
688,0.0003727871
1243,0.00037209652
1163,0.00036862792
1150,0.00036862792
1185,0.00036862792
858,0.00036814067
484,0.00036217328
1345,0.0003569805
1130,0.0003569805
674,0.0003568677
1202,0.0003568677
1238,0.00034074055
1268,0.00032920667
1341,0.00032318375
633,0.00032318375
1126,0.00032318375
1774,0.00031433397
1208,0.00031132172
1735,0.00031097376
1918,0.00031027163
1332,0.00030675504
1141,0.00030575704
1164,0.00030575704
1210,0.00030575704
1170,0.00030575704
777,0.00030093035
1397,0.00029940502
1364,0.00028138168
1240,0.00026975447
1018,0.00026918386
1350,0.00026430286
1775,0.00025821535
1433,0.00025063226
263,0.00023834484
1316,0.00023834484
1338,0.00023834484
1354,0.00023339294
1244,0.00023339294
537,0.00022788356
1533,0.00022564363
1228,0.00022203158
1106,0.0002111444
1360,0.00019578407
1770,0.00019212435
567,0.00018975993
1312,0.00018489931
1147,0.00018239566
1507,0.00017396263
1483,0.00017396263
1435,0.00017396263
1487,0.00017396263
1358,0.00016988342
1342,0.00016887982
632,0.00016887982
630,0.00016674084
1423,0.00015536234
1271,0.00014804499
1437,0.00014592893
1485,0.00014592893
1401,0.00014577039
1387,0.00014513823
261,0.00013608018
1308,0.00013608018
1222,0.0001356039
1491,0.0001356039
1395,0.0001356039
1539,0.0001356039
1429,0.0001356039
1127,0.00013164169
1283,0.0001295142
636,0.00012819484
1911,0.00012644046
1266,0.00012333682
1334,0.00012302297
1403,0.000121104466
1405,0.000121104466
1441,0.0001210397
1200,0.00011776817
1439,0.00011776817
1541,0.00011375092
1451,0.00011313466
1272,0.00010690377
1523,0.00010405544
1172,0.00010405544
1109,9.855932e-05
1318,9.855932e-05
1356,9.848867e-05
1336,9.589534e-05
1198,9.179917e-05
1320,9.179917e-05
1196,8.1203936e-05
1267,8.05242e-05
1139,7.543142e-05
